Rank    Ligand  SMILES  Binding Affinity (kcal/mol)     CNNscore        CNNaffinity
1       Z4224490622             -10.65  0.928974        7.550502
2       Z2518743321             -9.98   0.987740        8.260525
3       Z1458458700             -9.50   0.600837        7.436464
4       Z1458689827             -9.45   0.855478        7.243690
5       Z1478421601             -9.34   0.652570        7.203783
6       Z1457965240             -9.27   0.975807        8.294977
7       Z1456823699             -9.25   0.898293        7.395751
8       Z8293761572             -9.25   0.798404        7.586954
9       Z2518637072             -9.23   0.989586        8.243797
10      Z798318410              -9.23   0.964526        7.676544
11      Z6979782240             -9.07   0.804024        7.688298
12      Z1458326740             -8.96   0.973098        7.921345
13      Z2737082555             -8.94   0.937736        7.722817
14      Z1457054894             -8.93   0.571747        6.819407
15      Z4512558555             -8.93   0.753544        8.058883
16      Z8497675868             -8.91   0.577808        7.108869
17      Z1458711416             -8.82   0.833139        7.074984
18      Z8761086742             -8.65   0.842920        7.592505
19      Z1746901182             -8.64   0.807704        7.054332
20      Z2168388555             -8.59   0.813644        7.236720
21      Z1328212844             -8.54   0.792647        7.464912
22      Z8661410190             -8.49   0.849908        7.830868
23      Z1458201091             -8.47   0.807042        7.013144
24      Z8587612165             -8.46   0.683722        7.560188
25      Z1456514966             -8.41   0.782696        6.914912
26      Z8726965157             -8.39   0.898055        7.434453
27      Z4164525650             -8.37   0.667035        7.496840
28      Z4304762705             -8.33   0.703956        6.670242
29      Z1635234715             -8.23   0.832098        6.882457
30      Z2011488502             -8.14   0.790084        6.689660
31      Z1456436572             -8.11   0.902957        6.922854
32      Z1456827450             -8.10   0.821085        7.277203
33      Z8755554989             -8.06   0.536157        6.990990
34      Z8749789850             -8.06   0.579279        7.347505
35      Z3488525723             -8.00   0.881085        7.170392
36      Z5146235398             -8.00   0.910846        7.949328
37      Z1459953920             -7.99   0.556827        6.602827
38      Z3081273599             -7.96   0.733324        6.797839
39      Z8749838552             -7.95   0.771682        7.843485
40      Z1080380668             -7.87   0.690998        6.953162
41      Z3183406755             -7.86   0.868696        7.078259
42      Z8727227816             -7.79   0.751073        7.306941
43      Z8213849704             -7.76   0.936284        6.745675
44      Z1458959189             -7.72   0.536061        6.915625
45      Z1457915955             -7.69   0.834588        7.048659
46      Z1491221108             -7.68   0.832914        6.918151
47      Z3300312636             -7.68   0.918189        7.868027
48      Z8235898587             -7.63   0.866220        7.628986
49      Z1456364110             -7.61   0.793086        7.134410
50      Z2737082362             -7.55   0.854306        7.095025
51      Z2942365529             -7.52   0.802496        7.002071
52      Z56767855               -7.48   0.782890        6.837273
53      Z8302699368             -7.47   0.511196        6.848804
54      Z1621658591             -7.47   0.802881        7.033633
55      Z8661360607             -7.46   0.908045        7.327917
56      Z1993793642             -7.46   0.887659        7.098720
57      Z1491326659             -7.46   0.877203        7.573383
58      Z2053482729             -7.45   0.847730        7.096682
59      Z2734406819             -7.41   0.801986        6.552920
60      Z2737358567             -7.37   0.669552        6.593082
61      Z1456971291             -7.37   0.910874        6.898479
62      Z8214417126             -7.36   0.848255        7.600637
63      Z1457198177             -7.31   0.697572        6.930014
64      Z3072156445             -7.29   0.619349        7.209774
65      Z1457115265             -7.29   0.596637        6.537991
66      Z1457192039             -7.23   0.834720        6.968685
67      Z2040109372             -7.23   0.694538        7.246915
68      Z1456983870             -7.22   0.773219        7.338831
69      Z1457277085             -7.17   0.721551        6.793088
70      Z1456283855             -7.14   0.823263        6.898014
71      Z1459952366             -7.11   0.746785        7.079204
72      Z1449797883             -7.04   0.860710        6.970534
73      Z2737088659             -6.97   0.912708        7.354207
74      Z8157041847             -6.96   0.481722        6.713412
75      Z1449961678             -6.95   0.896939        7.304607
76      Z1496364311             -6.93   0.922203        6.935572
77      Z239608316              -6.93   0.416457        7.682738
78      Z1895579362             -6.90   0.606767        7.273629
79      Z1491241365             -6.85   0.754895        7.441217
80      Z1450246211             -6.83   0.794903        7.017782
81      Z2378094260             -6.81   0.939229        6.318492
82      Z1450523140             -6.72   0.709602        6.492970
83      Z8756207600             -6.65   0.862605        7.597919
84      Z6617892317             -6.65   0.395380        6.268001
85      Z8765932177             -6.65   0.971163        7.778073
86      Z1491218337             -6.61   0.754322        7.421180
87      Z1491334163             -6.47   0.927595        7.165935
88      Z1456827013             -6.44   0.970583        8.016192
89      Z8242377423             -6.34   0.971953        7.472716
90      Z8213412754             -6.31   0.934394        6.719497
91      Z1491328975             -6.21   0.935278        7.084137
92      Z1456616028             -6.20   0.706881        7.148420
93      Z294665460              -5.93   0.801121        6.723748
94      Z1766014043             -5.72   0.809097        7.273426
95      Z8464880392             -5.69   0.582727        7.952502
96      Z1459912306             -5.59   0.821730        7.329311
97      Z3072156427             -5.52   0.645730        6.704714
98      Z115686764              -5.40   0.556865        6.995307
99      Z1491321964             -5.35   0.886310        6.990266
100     Z4164523096             -5.30   0.920544        6.639254
101     Z85956534               -5.16   0.702198        7.091186
102     Z8753297382             -4.80   0.586378        6.379680
103     Z4442657446             -4.56   0.481339        7.351463
104     Z8757211927             -4.52   0.880933        6.609550
105     Z4449237858             -4.43   0.666232        6.020001
106     Z4439377893             -4.41   0.388684        6.988555
107     Z1780496312             -4.39   0.877035        7.468166
108     Z3410592727             -3.72   0.904036        6.925161
109     Z8756211874             -3.45   0.588135        6.652437
110     Z2080127897             -0.87   0.925427        3.763242
