Rank    Ligand  SMILES  Binding Affinity (kcal/mol)     CNNscore        CNNaffinity
1       Z1027972766             -11.08  0.944500        8.067468
2       Z1124012987             -10.63  0.916468        7.838476
3       Z1141052076             -10.48  0.764357        8.004034
4       Z1160937246             -10.44  0.888440        7.980646
5       Z1121634571             -10.43  0.860747        7.801888
6       Z1171730310             -10.30  0.744651        7.245114
7       Z1169945540             -10.20  0.952086        7.956136
8       Z1141098692             -10.19  0.629908        7.687264
9       Z1030553194             -10.16  0.850124        7.322896
10      Z1139435051             -10.10  0.862436        7.586462
11      Z1155817795             -10.09  0.994640        8.452346
12      Z1093864476             -10.05  0.841263        7.880135
13      Z1169936327             -10.04  0.813973        7.336901
14      Z1167288024             -10.04  0.688761        7.362768
15      Z1023588462             -10.03  0.712579        7.180893
16      Z1171691568             -10.02  0.940338        7.627954
17      Z1155287545             -10.00  0.958985        8.117758
18      Z1169950934             -10.00  0.904214        8.389376
19      Z1083445446             -9.99   0.711860        7.744795
20      Z1149517991             -9.97   0.877686        7.151442
21      Z1117040085             -9.97   0.967615        7.787706
22      Z108351598              -9.91   0.855489        7.163607
23      Z1155287046             -9.90   0.767786        7.924620
24      Z1170075023             -9.89   0.614524        7.565957
25      Z1024518512             -9.87   0.971381        8.212582
26      Z1127175420             -9.86   0.815344        7.933144
27      Z1082342250             -9.85   0.937287        7.755011
28      Z108549754              -9.84   0.961786        7.772942
29      Z1160361989             -9.84   0.971480        7.819649
30      Z1171554795             -9.77   0.947730        8.078047
31      Z1168079861             -9.77   0.606352        7.555968
32      Z1172144633             -9.77   0.956988        7.831491
33      Z1127172128             -9.75   0.963531        8.442043
34      Z1117475629             -9.74   0.861599        7.646155
35      Z1169881523             -9.70   0.625867        7.444658
36      Z111496716              -9.68   0.629469        7.175757
37      Z1171554510             -9.67   0.873035        7.690070
38      Z1167227460             -9.67   0.981009        7.871420
39      Z1116820969             -9.65   0.838829        7.460335
40      Z1117059818             -9.64   0.827401        7.271211
41      Z103028564              -9.64   0.963289        8.080195
42      Z106741394              -9.64   0.760397        7.779990
43      Z1122726055             -9.61   0.801939        7.621623
44      Z109551518              -9.61   0.795697        7.676263
45      Z1144688772             -9.58   0.881365        8.406803
46      Z1165360961             -9.58   0.855689        8.237244
47      Z105870448              -9.55   0.765168        7.504972
48      Z107260188              -9.55   0.594969        7.341063
49      Z111715524              -9.54   0.890885        7.834442
50      Z1458689827             -9.53   0.827753        7.202849
51      Z1039503316             -9.51   0.937182        7.520865
52      Z1000268726             -9.49   0.552728        6.995883
53      Z1128127702             -9.49   0.910760        7.700534
54      Z1149517580             -9.47   0.958378        7.599132
55      Z1078490508             -9.47   0.754983        6.673662
56      Z1083595416             -9.46   0.896956        7.880836
57      Z1083444420             -9.44   0.646921        8.065231
58      Z1102210048             -9.44   0.701897        8.078618
59      Z1131827493             -9.43   0.898413        7.466421
60      Z108794444              -9.42   0.589761        7.709103
61      Z1023449034             -9.42   0.771850        7.165234
62      Z1066758776             -9.42   0.941795        7.820921
63      Z1083431008             -9.38   0.781055        8.182949
64      Z1167135013             -9.37   0.599430        7.826809
65      Z1146631650             -9.37   0.896774        7.637949
66      Z1139947479             -9.37   0.732838        7.272679
67      Z1096607449             -9.36   0.942484        7.769898
68      Z104357816              -9.36   0.616636        7.306311
69      Z1083611770             -9.36   0.782529        7.663847
70      Z1003966056             -9.35   0.868164        7.236779
71      Z1170450190             -9.34   0.829509        7.966017
72      Z1139200644             -9.33   0.954756        8.201171
73      Z1161123614             -9.32   0.628854        7.623777
74      Z1094883262             -9.31   0.894465        7.737502
75      Z109953458              -9.31   0.695105        7.040979
76      Z1154773144             -9.30   0.840205        7.071079
77      Z1053360402             -9.30   0.514244        6.858198
78      Z1118887017             -9.30   0.797206        7.679513
79      Z1157969049             -9.30   0.849349        7.621248
80      Z1102044930             -9.28   0.943505        8.357296
81      Z1014994708             -9.28   0.958177        8.061625
82      Z1094883266             -9.27   0.907242        7.519027
83      Z1132270670             -9.27   0.834526        7.454342
84      Z1086006982             -9.26   0.892419        7.830741
85      Z1129117949             -9.26   0.809504        7.360437
86      Z1171506592             -9.25   0.953496        7.625274
87      Z1139317607             -9.24   0.818975        8.156090
88      Z1168179967             -9.23   0.982455        7.902843
89      Z1023297932             -9.22   0.915793        8.174835
90      Z1456823699             -9.22   0.881688        7.352031
91      Z111777986              -9.22   0.749817        7.742793
92      Z1153338192             -9.22   0.758794        7.390912
93      Z8497675868             -9.21   0.419763        6.840647
94      Z1139706615             -9.20   0.363465        7.088777
95      Z1139485661             -9.20   0.706293        7.669157
96      Z1139434880             -9.18   0.660951        7.250680
97      Z1127292067             -9.17   0.795288        7.371463
98      Z1127895420             -9.17   0.905110        7.436243
99      Z1101522102             -9.17   0.841289        7.321525
100     Z1007674388             -9.16   0.789013        7.745555
101     Z114168910              -9.16   0.781155        7.323744
102     Z1158035468             -9.16   0.886311        7.393778
103     Z1038026394             -9.16   0.832283        8.131250
104     Z106766028              -9.15   0.883156        7.702289
105     Z1037464020             -9.15   0.870536        7.563134
106     Z1162480121             -9.14   0.889452        7.248477
107     Z1095939201             -9.14   0.756669        7.636020
108     Z1139725731             -9.12   0.605331        7.001511
109     Z103912938              -9.12   0.923432        8.058918
110     Z1127165205             -9.12   0.892756        7.674376
111     Z1102052391             -9.12   0.810694        7.479915
112     Z1151565901             -9.11   0.812331        7.529661
113     Z1139582625             -9.11   0.406459        7.378545
114     Z1118935354             -9.11   0.865020        7.589865
115     Z1027848634             -9.09   0.920463        7.508774
116     Z115639166              -9.07   0.928033        7.473968
117     Z1052030630             -9.07   0.851372        7.342090
118     Z1011252324             -9.07   0.714870        7.434572
119     Z101499160              -9.06   0.930114        7.655237
120     Z1171561671             -9.05   0.822519        7.773727
121     Z1088494624             -9.05   0.549500        8.109974
122     Z112629294              -9.03   0.973577        8.031209
123     Z1158200866             -9.02   0.917396        8.308376
124     Z1102711755             -9.01   0.892615        7.455347
125     Z1066816434             -9.00   0.964355        7.960008
126     Z1147362497             -8.99   0.791494        7.334303
127     Z1091942612             -8.99   0.706980        7.421979
128     Z1094885208             -8.99   0.925386        7.765862
129     Z1172218891             -8.99   0.977564        7.754313
130     Z109491488              -8.98   0.755611        7.129875
131     Z1083575542             -8.98   0.876774        7.784074
132     Z1084351892             -8.98   0.801294        7.689620
133     Z1157895724             -8.97   0.940081        7.742147
134     Z106955746              -8.97   0.633755        7.569107
135     Z1038026190             -8.97   0.762237        8.113203
136     Z1097484753             -8.96   0.955929        7.754896
137     Z1104802782             -8.95   0.896215        7.432775
138     Z1098497226             -8.95   0.538200        7.884422
139     Z101492596              -8.94   0.762874        8.155961
140     Z1023736166             -8.92   0.621328        7.347739
141     Z114985250              -8.92   0.898503        7.544231
142     Z1050861226             -8.92   0.742528        7.434316
143     Z1124128039             -8.92   0.781318        7.753848
144     Z1457054894             -8.92   0.581674        6.822030
145     Z1079665436             -8.91   0.952991        7.576541
146     Z1071340614             -8.91   0.783603        7.170138
147     Z1142758482             -8.91   0.794674        7.538669
148     Z1032598178             -8.90   0.903835        7.459775
149     Z1033336846             -8.89   0.898787        7.214499
150     Z1139494960             -8.89   0.857643        7.366899
151     Z1148430613             -8.89   0.842627        7.748516
152     Z1069633394             -8.88   0.805711        7.591315
153     Z1154773617             -8.88   0.896949        7.188421
154     Z1154772084             -8.88   0.773682        6.857703
155     Z1167120545             -8.88   0.888991        7.456992
156     Z1025731800             -8.85   0.945944        7.576555
157     Z103383594              -8.83   0.917149        7.521981
158     Z1139320421             -8.82   0.718371        7.982424
159     Z1104801427             -8.82   0.879550        7.523548
160     Z115154990              -8.82   0.800570        7.850761
161     Z1144304277             -8.81   0.807621        7.464956
162     Z1144337581             -8.80   0.976101        8.219885
163     Z107728842              -8.79   0.859439        6.714228
164     Z1117167563             -8.79   0.763801        7.002185
165     Z1171675137             -8.77   0.424503        7.557552
166     Z1149279059             -8.76   0.848318        7.510233
167     Z1167885627             -8.74   0.794693        7.375302
168     Z1161291600             -8.74   0.587586        7.894857
169     Z1091676890             -8.74   0.850865        7.681883
170     Z4224490622             -8.74   0.585761        7.201072
171     Z1161473438             -8.74   0.912966        8.167533
172     Z1135228369             -8.74   0.769604        6.956647
173     Z1118522209             -8.73   0.902126        7.114089
174     Z1169929994             -8.73   0.565197        7.737527
175     Z1066855426             -8.73   0.877005        7.446525
176     Z1082778292             -8.73   0.884107        7.709261
177     Z1127174098             -8.73   0.693618        7.338408
178     Z1002427608             -8.73   0.633485        6.972897
179     Z1037367454             -8.71   0.707656        7.242603
180     Z1143468870             -8.70   0.913163        8.046359
181     Z103860754              -8.69   0.350522        7.309667
182     Z1478421601             -8.69   0.567927        7.241065
183     Z100763084              -8.68   0.962113        8.049822
184     Z107897196              -8.68   0.826163        7.019545
185     Z112519600              -8.68   0.655909        7.328249
186     Z1132086214             -8.67   0.906016        7.164698
187     Z1129161060             -8.67   0.706303        7.123154
188     Z1083097544             -8.67   0.768270        7.066582
189     Z1039126608             -8.65   0.774224        6.942177
190     Z1154773926             -8.65   0.747618        7.020738
191     Z1161494866             -8.64   0.407116        7.271095
192     Z1149859727             -8.63   0.532763        6.900338
193     Z1166569225             -8.62   0.523826        7.520225
194     Z109336830              -8.62   0.804635        7.165568
195     Z1132075340             -8.62   0.899903        7.593235
196     Z1117857374             -8.61   0.537037        7.158501
197     Z1083290438             -8.61   0.859867        7.343193
198     Z1096503837             -8.61   0.662018        7.406199
199     Z1132393199             -8.61   0.688021        7.114141
200     Z1023193128             -8.60   0.700194        6.955729
201     Z1037266628             -8.60   0.836016        7.417834
202     Z1458711416             -8.59   0.921263        7.297893
203     Z1139552514             -8.59   0.851736        8.041794
204     Z1037410956             -8.58   0.903536        7.704973
205     Z1083591706             -8.58   0.875596        8.120003
206     Z1140843389             -8.58   0.419075        7.608325
207     Z1039513570             -8.58   0.565472        7.652069
208     Z107211562              -8.57   0.952401        7.342011
209     Z905151532              -8.56   0.777692        7.374945
210     Z1143733097             -8.56   0.415790        6.929564
211     Z1001778380             -8.55   0.855366        7.345928
212     Z1130872698             -8.54   0.661658        7.539685
213     Z1027963280             -8.54   0.903583        7.526501
214     Z2518637072             -8.54   0.974477        8.020316
215     Z1067528670             -8.54   0.761024        7.114560
216     Z1165939417             -8.53   0.696001        7.439334
217     Z1129284972             -8.53   0.968611        7.310119
218     Z1095005382             -8.52   0.400026        7.376573
219     Z111715454              -8.52   0.906144        7.613257
220     Z107211560              -8.52   0.975567        7.300929
221     Z108808148              -8.52   0.759090        7.165687
222     Z1134990892             -8.52   0.925034        7.129715
223     Z1127146918             -8.50   0.675716        6.789771
224     Z1169948706             -8.49   0.859014        7.576734
225     Z105528420              -8.48   0.886301        7.399317
226     Z1132160590             -8.47   0.536066        7.124184
227     Z1079681560             -8.47   0.671253        7.734262
228     Z1139494855             -8.46   0.488371        7.753047
229     Z1081021256             -8.46   0.865136        7.287827
230     Z1032598816             -8.46   0.828136        7.639229
231     Z1071016834             -8.45   0.734550        7.344514
232     Z1130395540             -8.44   0.937152        7.135147
233     Z1131714699             -8.43   0.930923        7.527507
234     Z1139695900             -8.43   0.695174        7.458414
235     Z2518743321             -8.43   0.892475        7.840947
236     Z1032598120             -8.43   0.784085        7.242542
237     Z1021055638             -8.42   0.961676        7.909402
238     Z1117857338             -8.42   0.588189        7.205503
239     Z1129286051             -8.42   0.948284        7.385665
240     Z109123574              -8.41   0.822656        7.630998
241     Z1083754670             -8.40   0.710973        8.041462
242     Z1083612444             -8.40   0.765286        7.443645
243     Z1137566094             -8.40   0.961282        8.019013
244     Z1096072609             -8.40   0.371342        7.039701
245     Z1130395496             -8.40   0.966807        7.265632
246     Z1139490726             -8.39   0.527443        7.426255
247     Z1103662563             -8.39   0.890602        7.333346
248     Z1140211828             -8.38   0.456822        7.557532
249     Z1083022616             -8.37   0.704198        7.657075
250     Z1097084367             -8.36   0.833768        6.743293
251     Z4304762705             -8.34   0.695144        6.661273
252     Z1039080880             -8.34   0.957312        8.182540
253     Z8749789850             -8.34   0.550685        7.395160
254     Z107211536              -8.34   0.964062        7.160921
255     Z1139537836             -8.33   0.385066        7.243540
256     Z1139675748             -8.31   0.566961        7.290351
257     Z1081120894             -8.31   0.929158        7.460839
258     Z1165346019             -8.31   0.770296        7.288871
259     Z106616038              -8.31   0.503161        7.136456
260     Z109131336              -8.30   0.976455        7.770391
261     Z110017006              -8.30   0.877774        7.722646
262     Z8587612165             -8.29   0.378699        7.371555
263     Z104818816              -8.28   0.372469        7.044956
264     Z1172099168             -8.28   0.859034        7.415073
265     Z1032602788             -8.27   0.463907        6.924472
266     Z1147314593             -8.27   0.961403        7.774771
267     Z1161217515             -8.27   0.709274        7.506702
268     Z6617892317             -8.26   0.348487        6.521573
269     Z1746901182             -8.26   0.782347        7.030504
270     Z1037642520             -8.26   0.438891        7.427164
271     Z1139220582             -8.24   0.504839        7.483175
272     Z1080673764             -8.24   0.894388        7.630291
273     Z1006124408             -8.24   0.833648        7.241026
274     Z4512558555             -8.24   0.812957        8.212914
275     Z798318410              -8.23   0.979485        7.854910
276     Z1084864222             -8.23   0.831746        7.675715
277     Z1129773419             -8.21   0.965020        8.126274
278     Z104342126              -8.21   0.727816        6.496218
279     Z1123702049             -8.21   0.751422        6.283549
280     Z1140238659             -8.21   0.693798        7.123213
281     Z1097093548             -8.18   0.785373        6.973927
282     Z110115380              -8.18   0.783289        7.517973
283     Z115639124              -8.17   0.928440        7.319724
284     Z2737082555             -8.17   0.882942        7.602289
285     Z1116588157             -8.16   0.695300        7.527964
286     Z1049800316             -8.16   0.962040        6.989517
287     Z1103435460             -8.16   0.674257        7.141797
288     Z1170221997             -8.16   0.730719        7.614331
289     Z1167121604             -8.15   0.848374        7.854176
290     Z1141098629             -8.15   0.687757        7.794373
291     Z1141311214             -8.15   0.696167        6.764971
292     Z1456436572             -8.15   0.912313        6.893457
293     Z1145396604             -8.14   0.866086        7.811598
294     Z1171642473             -8.14   0.754826        6.695078
295     Z2011488502             -8.13   0.784707        6.686801
296     Z1131817160             -8.13   0.834840        7.197038
297     Z1096614002             -8.13   0.846216        7.920694
298     Z1022206242             -8.13   0.856086        7.551020
299     Z103700270              -8.12   0.870940        7.367133
300     Z1101589544             -8.12   0.820633        7.992253
301     Z1099628717             -8.11   0.985601        7.855756
302     Z8726965157             -8.11   0.765796        7.176977
303     Z1328212844             -8.11   0.382302        7.085950
304     Z1144497203             -8.11   0.625094        7.484018
305     Z1122791830             -8.11   0.869851        7.858003
306     Z101398008              -8.10   0.381484        7.401331
307     Z111716828              -8.10   0.822709        7.806930
308     Z1023980202             -8.10   0.842766        7.661173
309     Z1098256326             -8.09   0.527205        7.699839
310     Z1123809543             -8.09   0.958468        7.951384
311     Z1141985589             -8.08   0.829803        7.381075
312     Z117188028              -8.07   0.436996        7.278432
313     Z1129187701             -8.07   0.599118        6.769780
314     Z1039060410             -8.06   0.885466        7.187703
315     Z108703242              -8.06   0.937202        8.022726
316     Z109476610              -8.06   0.380505        7.342041
317     Z111956648              -8.05   0.928965        6.977825
318     Z8661410190             -8.05   0.705633        7.654335
319     Z1038295550             -8.05   0.974235        7.929771
320     Z1139468608             -8.05   0.561673        7.825327
321     Z108641466              -8.04   0.717808        7.863205
322     Z1128764017             -8.04   0.899331        7.843717
323     Z1024863486             -8.04   0.842653        7.607922
324     Z1118943525             -8.02   0.614717        7.351556
325     Z112378766              -8.02   0.512602        7.687112
326     Z1116993849             -8.02   0.854237        7.314615
327     Z1081742516             -8.02   0.640428        6.970040
328     Z107329200              -8.02   0.647291        6.953505
329     Z1459953920             -8.01   0.494094        6.496110
330     Z1132641548             -8.01   0.872386        6.924394
331     Z1021440990             -8.00   0.738865        7.162007
332     Z109062800              -8.00   0.923404        7.621350
333     Z1155912381             -8.00   0.733950        7.796154
334     Z8761086742             -8.00   0.702253        7.451804
335     Z1055221092             -8.00   0.821952        7.392612
336     Z1171268531             -8.00   0.752852        7.612886
337     Z1142745850             -8.00   0.502671        7.127876
338     Z1458201091             -8.00   0.902526        7.216203
339     Z1088438744             -7.99   0.851436        7.071218
340     Z1067884878             -7.99   0.850836        7.060653
341     Z1142060216             -7.97   0.804533        6.941552
342     Z1071043552             -7.97   0.844411        7.305371
343     Z1116831996             -7.97   0.527510        7.078685
344     Z8770785361             -7.96   0.779721        7.489449
345     Z1084796914             -7.95   0.909549        7.625643
346     Z1122753359             -7.94   0.832393        7.463846
347     Z1157953886             -7.94   0.775705        7.750430
348     Z1116538764             -7.93   0.768350        6.606452
349     Z1052626620             -7.93   0.598513        7.013635
350     Z1159165737             -7.92   0.911815        7.482349
351     Z1024946108             -7.92   0.490110        7.121418
352     Z1095315056             -7.92   0.853415        7.281036
353     Z1150568924             -7.92   0.853766        7.245557
354     Z1067702172             -7.91   0.366138        7.159340
355     Z1155302316             -7.91   0.941478        7.623734
356     Z1102964136             -7.91   0.710327        7.459397
357     Z104343286              -7.91   0.565778        7.474631
358     Z102666506              -7.90   0.573888        7.975533
359     Z1127000860             -7.89   0.640304        7.009427
360     Z8828760024             -7.89   0.903522        7.333590
361     Z1172250175             -7.89   0.772553        7.335236
362     Z1095147326             -7.88   0.823125        6.996837
363     Z1079507720             -7.88   0.826263        7.362988
364     Z1144300986             -7.87   0.647009        7.190716
365     Z1095315518             -7.86   0.939656        7.284779
366     Z102313246              -7.86   0.949147        7.938997
367     Z1139472030             -7.85   0.777704        7.820921
368     Z1040531496             -7.85   0.763063        7.459578
369     Z1126863257             -7.84   0.935416        7.859869
370     Z1130346511             -7.84   0.641316        7.188983
371     Z1071033744             -7.84   0.722700        6.762154
372     Z115667722              -7.83   0.746328        7.414420
373     Z1159195303             -7.83   0.711483        7.555371
374     Z1458326740             -7.82   0.895919        7.661106
375     Z109525896              -7.82   0.482692        7.690349
376     Z1162780569             -7.82   0.681493        7.565619
377     Z1013489874             -7.82   0.783842        6.696292
378     Z3183406755             -7.81   0.922904        7.180999
379     Z1081390222             -7.80   0.769400        7.507580
380     Z1154436421             -7.80   0.670732        7.096635
381     Z1139550081             -7.79   0.894083        6.773396
382     Z1143667832             -7.79   0.798791        7.702311
383     Z1635234715             -7.78   0.665141        6.598157
384     Z1144266974             -7.78   0.800536        7.698884
385     Z104652682              -7.78   0.950788        7.557581
386     Z1126888391             -7.77   0.750740        6.912177
387     Z1145209391             -7.77   0.860263        7.776802
388     Z1147872870             -7.77   0.508515        7.064392
389     Z8755554989             -7.76   0.798553        7.262907
390     Z1456364110             -7.76   0.824243        7.135127
391     Z1139494905             -7.76   0.558259        7.152437
392     Z1052033264             -7.76   0.823567        7.312060
393     Z1172287886             -7.76   0.901395        7.834949
394     Z1140488287             -7.76   0.911663        7.826197
395     Z1103366018             -7.75   0.868721        7.030160
396     Z1140969458             -7.75   0.448772        7.318522
397     Z1148372940             -7.75   0.843084        7.346079
398     Z1080673394             -7.75   0.802584        7.134318
399     Z1162903599             -7.75   0.849300        7.393125
400     Z1014210710             -7.75   0.805251        7.391864
401     Z1132198789             -7.74   0.915961        7.745804
402     Z1117167848             -7.74   0.526490        6.735807
403     Z109111866              -7.73   0.562677        6.997433
404     Z1030255940             -7.71   0.523666        7.430460
405     Z1139299462             -7.71   0.717214        7.286725
406     Z1079081380             -7.71   0.840093        7.194083
407     Z1082712202             -7.68   0.778008        7.446871
408     Z1155102951             -7.68   0.534190        6.861994
409     Z1101797224             -7.67   0.783029        6.985168
410     Z1127165344             -7.67   0.771708        7.364408
411     Z1159206041             -7.67   0.862710        7.078485
412     Z1015410366             -7.67   0.666619        7.908796
413     Z1169954147             -7.67   0.826554        7.415732
414     Z1083027258             -7.66   0.759547        6.916898
415     Z1081911768             -7.66   0.517855        7.418370
416     Z1139214162             -7.65   0.423292        7.498890
417     Z1070764348             -7.65   0.676935        7.139793
418     Z1050920236             -7.64   0.860571        7.780885
419     Z1083119266             -7.64   0.804437        6.769236
420     Z1127202290             -7.64   0.873579        6.728764
421     Z1142609271             -7.63   0.937757        7.453264
422     Z1127703803             -7.63   0.842526        7.006299
423     Z1147977673             -7.63   0.866552        7.685523
424     Z1139197812             -7.63   0.986553        7.857188
425     Z1155010144             -7.63   0.604238        7.817741
426     Z1039069920             -7.62   0.973234        7.888904
427     Z1116582404             -7.62   0.393143        7.230670
428     Z2053482729             -7.62   0.385317        6.770569
429     Z1171811525             -7.62   0.793745        7.554934
430     Z1104877191             -7.61   0.797806        6.554003
431     Z1068479518             -7.60   0.773799        7.106256
432     Z1456514966             -7.60   0.653711        6.746801
433     Z1119218707             -7.59   0.610623        7.212074
434     Z8235898587             -7.59   0.460723        7.203510
435     Z1129286267             -7.58   0.870204        7.030577
436     Z1144388700             -7.58   0.399907        7.397804
437     Z1170602538             -7.58   0.456641        7.163582
438     Z1099680575             -7.58   0.932287        7.496798
439     Z108864118              -7.58   0.781075        7.435678
440     Z115667692              -7.57   0.796277        7.629707
441     Z8214417126             -7.57   0.634139        7.648130
442     Z1456971291             -7.57   0.942845        6.981613
443     Z1139552778             -7.57   0.902186        7.966455
444     Z1022430338             -7.56   0.807968        8.176876
445     Z1139313679             -7.54   0.520764        7.686684
446     Z1030634080             -7.54   0.514194        7.350515
447     Z1167497210             -7.54   0.837659        7.558255
448     Z1132879271             -7.52   0.682382        7.387412
449     Z1144424767             -7.51   0.961441        7.749748
450     Z1129284462             -7.51   0.897327        7.060470
451     Z1117418150             -7.51   0.695068        7.465731
452     Z1006367154             -7.49   0.784115        7.165233
453     Z1101577993             -7.49   0.670328        7.398310
454     Z1139232431             -7.49   0.671318        7.174502
455     Z102211112              -7.49   0.570410        6.912141
456     Z117226796              -7.49   0.628822        6.645943
457     Z1081918426             -7.49   0.936840        7.731977
458     Z1124147364             -7.49   0.951892        8.512650
459     Z1138562356             -7.46   0.514013        6.932182
460     Z1158284456             -7.46   0.423026        7.873244
461     Z1088503354             -7.45   0.775332        7.029732
462     Z1131094252             -7.45   0.871963        7.826318
463     Z1128360560             -7.44   0.582544        6.968565
464     Z105703564              -7.44   0.720685        7.555856
465     Z1032476766             -7.44   0.713455        7.214898
466     Z1155950446             -7.42   0.813322        7.486647
467     Z1150985238             -7.41   0.854066        7.480796
468     Z1024007430             -7.40   0.686682        7.730929
469     Z1120697944             -7.40   0.907502        7.975538
470     Z1143264647             -7.40   0.363903        7.754970
471     Z1030261558             -7.39   0.839350        7.875669
472     Z1078492558             -7.39   0.544270        5.926033
473     Z1082780462             -7.38   0.498877        7.317913
474     Z1100725613             -7.38   0.881933        7.525332
475     Z1459952366             -7.38   0.420538        6.648441
476     Z1993793642             -7.36   0.610367        6.944302
477     Z1171553654             -7.36   0.734984        6.979230
478     Z1457115265             -7.35   0.555012        6.492055
479     Z1139480098             -7.33   0.728134        7.559230
480     Z1023229280             -7.33   0.857097        7.482386
481     Z1132121413             -7.32   0.792314        7.452973
482     Z8926502367             -7.32   0.755174        8.023388
483     Z2734406819             -7.30   0.676539        6.399679
484     Z1101758858             -7.30   0.765305        7.315207
485     Z1143473617             -7.30   0.780576        6.755321
486     Z1027933668             -7.29   0.529083        7.062879
487     Z1124513964             -7.29   0.737193        7.511447
488     Z1171398583             -7.29   0.654523        7.278893
489     Z1088692992             -7.29   0.773020        7.246355
490     Z1003334760             -7.28   0.621947        7.183335
491     Z8213849704             -7.28   0.739242        6.375319
492     Z1139230163             -7.28   0.813355        7.360121
493     Z1103194487             -7.28   0.404169        7.078600
494     Z1457965240             -7.27   0.884876        8.033779
495     Z3081273599             -7.27   0.757956        6.919754
496     Z6979782240             -7.27   0.680739        7.585599
497     Z1081393520             -7.26   0.625150        7.157753
498     Z1024451960             -7.26   0.484609        7.434593
499     Z1129472083             -7.25   0.787788        7.756385
500     Z1162903652             -7.25   0.728414        6.712815
501     Z1029463648             -7.25   0.914571        6.515104
502     Z1151886701             -7.25   0.732607        7.312845
503     Z1082729916             -7.24   0.919787        8.021012
504     Z112070344              -7.22   0.751956        7.677340
505     Z1139455748             -7.21   0.576711        6.419688
506     Z1082361832             -7.20   0.828979        7.580011
507     Z1003543642             -7.20   0.336535        7.384546
508     Z8958761735             -7.19   0.776807        7.322967
509     Z2942365529             -7.19   0.774717        7.104491
510     Z104343880              -7.18   0.982610        8.498991
511     Z1102774934             -7.17   0.552901        6.771212
512     Z1148763102             -7.17   0.660672        7.246570
513     Z1101849081             -7.16   0.650190        7.088850
514     Z1103043284             -7.16   0.559265        7.178812
515     Z8727227816             -7.16   0.526785        7.125592
516     Z2737358567             -7.14   0.695248        6.636252
517     Z1022555336             -7.13   0.252207        7.369178
518     Z1080380668             -7.13   0.677295        6.820774
519     Z1022426906             -7.13   0.854644        7.775148
520     Z1139744699             -7.12   0.685075        6.839516
521     Z1128199924             -7.11   0.128871        6.480262
522     Z1139687005             -7.10   0.500899        7.390332
523     Z104558488              -7.10   0.905002        8.127457
524     Z1457277085             -7.09   0.379357        6.313623
525     Z1457198177             -7.09   0.310547        7.039383
526     Z1001361900             -7.09   0.563653        7.489888
527     Z1155346878             -7.08   0.767408        7.697214
528     Z1139323901             -7.08   0.823358        7.397210
529     Z1167782474             -7.08   0.627565        6.597581
530     Z1171807071             -7.07   0.465599        7.191231
531     Z2737082362             -7.06   0.922758        7.275995
532     Z115664258              -7.05   0.635651        6.567945
533     Z5146235398             -7.03   0.905379        7.900799
534     Z1168473822             -7.01   0.900533        6.937094
535     Z1118938976             -7.01   0.926161        7.356911
536     Z1055408358             -7.01   0.449371        7.397401
537     Z1081429738             -7.00   0.727233        7.496494
538     Z1155499153             -7.00   0.518261        6.447350
539     Z1130965094             -6.97   0.687287        7.933496
540     Z1156979477             -6.96   0.838696        7.497170
541     Z1024869308             -6.96   0.681519        7.104282
542     Z1120932964             -6.96   0.774691        6.918929
543     Z1015233068             -6.95   0.613990        7.166005
544     Z1496364311             -6.95   0.928034        6.955487
545     Z1139195767             -6.94   0.515260        7.428031
546     Z1126935201             -6.94   0.343314        6.874484
547     Z1151928960             -6.94   0.646895        6.688473
548     Z106981758              -6.92   0.513772        6.980940
549     Z1098395156             -6.92   0.719691        7.258369
550     Z1082251936             -6.92   0.778678        7.251901
551     Z1144428084             -6.92   0.781758        7.212008
552     Z1139452101             -6.90   0.613943        6.321778
553     Z1020833716             -6.90   0.705428        6.866525
554     Z8157041847             -6.90   0.427538        6.843754
555     Z108791770              -6.90   0.902746        6.372180
556     Z115059648              -6.90   0.856258        7.851295
557     Z2737088659             -6.89   0.848921        7.092668
558     Z1039080018             -6.89   0.824655        7.224048
559     Z1491326659             -6.87   0.668680        7.282578
560     Z8242377423             -6.87   0.369859        7.215384
561     Z1158350851             -6.86   0.773761        7.523755
562     Z1449961678             -6.85   0.845408        7.077893
563     Z8803599128             -6.84   0.298850        5.871284
564     Z2378094260             -6.84   0.515956        6.805920
565     Z106907182              -6.84   0.444441        7.897962
566     Z1165345960             -6.82   0.538822        6.670819
567     Z1014207124             -6.81   0.881815        6.978127
568     Z1172210254             -6.81   0.705956        7.480542
569     Z1158011145             -6.80   0.588036        7.831339
570     Z110112226              -6.79   0.753256        7.932783
571     Z108630560              -6.79   0.899044        7.474945
572     Z8984249260             -6.79   0.498247        6.772036
573     Z1081118400             -6.79   0.900395        6.899632
574     Z1153487487             -6.78   0.673195        6.583929
575     Z1024937820             -6.78   0.779923        7.052888
576     Z1096529833             -6.77   0.770874        7.530677
577     Z1142757904             -6.77   0.466201        7.277695
578     Z103242246              -6.77   0.759537        7.162410
579     Z1102953997             -6.76   0.732309        7.077527
580     Z1031472144             -6.76   0.664108        7.283785
581     Z1124514838             -6.75   0.789359        7.198819
582     Z8302699368             -6.75   0.213046        6.629684
583     Z1127124832             -6.74   0.427918        6.710510
584     Z1015108122             -6.73   0.487403        7.560677
585     Z1039101358             -6.72   0.801580        7.037471
586     Z1140056363             -6.72   0.922348        6.733524
587     Z1167447374             -6.72   0.267297        6.772007
588     Z117018864              -6.70   0.705947        7.821741
589     Z1450523140             -6.70   0.749267        6.531821
590     Z1101932713             -6.69   0.932361        6.754908
591     Z2040109372             -6.69   0.489699        7.070559
592     Z56767855               -6.69   0.683549        6.876720
593     Z1144428517             -6.68   0.844937        7.189575
594     Z1139254069             -6.67   0.555887        7.664275
595     Z1039095058             -6.66   0.672243        7.346355
596     Z1168463148             -6.66   0.538843        7.388816
597     Z1008806314             -6.64   0.367241        7.035386
598     Z106504750              -6.59   0.905173        6.605859
599     Z1101796471             -6.59   0.703814        7.456310
600     Z1098497997             -6.58   0.758078        7.673238
601     Z8213412754             -6.57   0.474746        6.407795
602     Z1000825674             -6.57   0.169510        7.292540
603     Z1146654212             -6.57   0.873768        7.471036
604     Z1104754534             -6.56   0.585807        7.134953
605     Z1130941177             -6.56   0.692005        7.971307
606     Z1127834681             -6.55   0.496381        7.151273
607     Z108601788              -6.52   0.525832        7.077116
608     Z1050665522             -6.51   0.628719        7.564152
609     Z1450246211             -6.50   0.958793        7.128880
610     Z1069530356             -6.50   0.690463        7.576800
611     Z1088210344             -6.50   0.929350        7.134315
612     Z1022793288             -6.50   0.751763        7.510396
613     Z1151609042             -6.48   0.513159        7.325176
614     Z1171328906             -6.47   0.766615        7.533119
615     Z8661360607             -6.44   0.455762        6.656469
616     Z1083254532             -6.42   0.711040        6.844744
617     Z1172325771             -6.42   0.776108        7.494482
618     Z1132338634             -6.41   0.894095        7.758533
619     Z1491334163             -6.40   0.924059        7.162541
620     Z1135104512             -6.39   0.492256        6.922638
621     Z1491221108             -6.38   0.445278        6.676496
622     Z1143240818             -6.38   0.339742        6.658876
623     Z1158233494             -6.37   0.423294        7.096199
624     Z1152062158             -6.36   0.419904        7.390079
625     Z1154379887             -6.36   0.755211        6.876398
626     Z8293761572             -6.35   0.353537        6.880085
627     Z1118532113             -6.34   0.718290        6.730159
628     Z1458959189             -6.33   0.411719        6.926512
629     Z1165345762             -6.32   0.668711        6.419472
630     Z1171508051             -6.30   0.565419        7.231084
631     Z106805486              -6.30   0.766727        6.985756
632     Z1002777646             -6.27   0.534630        7.502157
633     Z1456283855             -6.27   0.554295        6.720790
634     Z294665460              -6.23   0.292112        6.453188
635     Z1039078654             -6.23   0.887008        7.525085
636     Z1037894894             -6.21   0.682227        6.755572
637     Z1030600274             -6.20   0.662674        7.515230
638     Z1095328158             -6.19   0.894666        6.374467
639     Z1022553794             -6.17   0.201576        7.440682
640     Z1037453586             -6.16   0.955767        7.118050
641     Z105182376              -6.15   0.590605        7.670747
642     Z2168388555             -6.15   0.774966        7.389694
643     Z1140379328             -6.14   0.515954        7.656896
644     Z1071042030             -6.10   0.815667        7.191996
645     Z1124005692             -6.09   0.897531        6.975503
646     Z1456827450             -6.09   0.672351        7.117365
647     Z1036998648             -6.06   0.345665        7.428400
648     Z1166113242             -6.06   0.670143        7.767145
649     Z106519932              -6.02   0.568246        7.610243
650     Z103296360              -5.99   0.797403        8.227657
651     Z1491328975             -5.99   0.512438        6.684059
652     Z1491321964             -5.99   0.412688        6.444908
653     Z85956534               -5.98   0.698481        7.488067
654     Z4164523096             -5.95   0.282463        6.693856
655     Z1101670802             -5.94   0.387289        7.851634
656     Z1621658591             -5.94   0.562960        6.950356
657     Z1024869172             -5.93   0.828317        6.543886
658     Z1101998045             -5.93   0.758280        7.307663
659     Z1004126048             -5.90   0.257758        7.203490
660     Z109736040              -5.89   0.599330        7.517238
661     Z1084387580             -5.87   0.500406        7.185863
662     Z4164525650             -5.87   0.230209        7.140877
663     Z109824244              -5.85   0.613209        7.389302
664     Z1155033213             -5.83   0.741987        6.781124
665     Z1040748324             -5.82   0.785005        6.389767
666     Z108838508              -5.80   0.782978        7.759633
667     Z3300312636             -5.80   0.846293        7.697857
668     Z9184505891             -5.77   0.234226        7.044580
669     Z1020971042             -5.76   0.698994        6.943517
670     Z1457915955             -5.75   0.677208        6.996608
671     Z1101483911             -5.72   0.497535        7.434887
672     Z1145386084             -5.72   0.386950        6.748926
673     Z1165945099             -5.71   0.907064        7.262363
674     Z1022041460             -5.70   0.751598        7.333969
675     Z1030047110             -5.69   0.654236        8.244127
676     Z1766014043             -5.69   0.799713        7.258403
677     Z4442657446             -5.68   0.439748        7.234225
678     Z1022604886             -5.67   0.647118        7.260734
679     Z1066025278             -5.67   0.818661        7.601562
680     Z1456983870             -5.65   0.574159        7.173697
681     Z109736300              -5.65   0.784941        7.387386
682     Z1096840958             -5.64   0.400533        7.530462
683     Z1172321492             -5.63   0.767772        7.334169
684     Z1082434568             -5.63   0.625320        7.525819
685     Z8749838552             -5.63   0.494723        7.652041
686     Z1159172722             -5.62   0.453903        6.350843
687     Z1000270702             -5.58   0.589145        7.839824
688     Z3488525723             -5.58   0.217697        6.661337
689     Z1129470077             -5.56   0.134829        6.496547
690     Z1096199080             -5.55   0.572367        7.407026
691     Z1456616028             -5.55   0.582755        6.696798
692     Z1069637376             -5.54   0.322871        7.139721
693     Z1118814048             -5.52   0.639594        7.516103
694     Z1132098786             -5.50   0.908855        7.345073
695     Z1029640656             -5.47   0.495363        7.377053
696     Z106986290              -5.45   0.541195        7.431565
697     Z1101574114             -5.44   0.653841        7.315040
698     Z1127929729             -5.43   0.504486        7.435893
699     Z1168191535             -5.42   0.884619        7.939170
700     Z1145149993             -5.42   0.637689        7.859998
701     Z1007841910             -5.38   0.580663        7.451316
702     Z1172222191             -5.38   0.882560        7.131200
703     Z1083254742             -5.32   0.644156        6.673084
704     Z1094067218             -5.31   0.596600        7.026439
705     Z1015835320             -5.30   0.762070        7.468633
706     Z1038532124             -5.30   0.870133        7.562356
707     Z4439377893             -5.29   0.135698        6.798285
708     Z1003452486             -5.28   0.532539        6.724421
709     Z1002336518             -5.28   0.499871        7.079609
710     Z104346748              -5.28   0.736467        7.858657
711     Z1095394920             -5.28   0.546368        6.647846
712     Z1014801086             -5.27   0.862391        7.888743
713     Z1123233291             -5.27   0.685476        7.337547
714     Z1449797883             -5.27   0.364051        6.472613
715     Z1457192039             -5.27   0.556837        6.437481
716     Z1104726328             -5.24   0.917677        7.015511
717     Z1021236836             -5.23   0.819350        6.669998
718     Z109037770              -5.22   0.704335        7.532293
719     Z1459912306             -5.21   0.387479        7.142002
720     Z1101542012             -5.21   0.537081        7.258730
721     Z1101154311             -5.16   0.545392        7.429283
722     Z108636024              -5.15   0.862340        7.055058
723     Z1101842203             -5.14   0.840925        6.990189
724     Z3072156427             -5.09   0.507376        6.967305
725     Z1070094466             -5.07   0.775952        7.532424
726     Z100455022              -5.07   0.303459        7.144350
727     Z109570040              -5.05   0.519514        7.499712
728     Z1491218337             -5.03   0.526382        7.111666
729     Z109999186              -5.00   0.583974        7.816209
730     Z1020909542             -4.98   0.668365        7.334807
731     Z1126805248             -4.98   0.696365        7.835759
732     Z1067559112             -4.97   0.328500        6.730446
733     Z1095048490             -4.97   0.966913        7.493125
734     Z1159325410             -4.96   0.509358        7.007245
735     Z8753297382             -4.93   0.364649        6.916051
736     Z1003052272             -4.90   0.259160        7.308552
737     Z1172032200             -4.89   0.803987        7.277967
738     Z1124515778             -4.87   0.532652        7.104548
739     Z1070219674             -4.86   0.706900        8.108225
740     Z3072156445             -4.84   0.391560        6.977935
741     Z103866480              -4.83   0.952029        7.300923
742     Z1144422946             -4.82   0.478091        7.526648
743     Z1145187353             -4.82   0.732748        7.045551
744     Z1006868040             -4.82   0.400769        6.757268
745     Z1140021365             -4.73   0.511537        7.011810
746     Z1022749214             -4.71   0.799869        7.998445
747     Z1051813472             -4.69   0.640707        7.009497
748     Z8765932177             -4.62   0.865460        7.518749
749     Z1022559350             -4.60   0.502181        7.800813
750     Z1021955096             -4.58   0.842100        7.657945
751     Z1069323052             -4.47   0.840329        7.519903
752     Z8756207600             -4.37   0.482279        7.107687
753     Z1095064266             -4.33   0.698749        7.811165
754     Z1172023457             -4.31   0.909521        8.307172
755     Z1022115714             -4.28   0.376090        7.361955
756     Z1067625312             -4.27   0.467879        6.658458
757     Z106143904              -4.22   0.819038        8.097990
758     Z1067852450             -4.20   0.687666        5.962884
759     Z1137341257             -4.16   0.648795        6.550758
760     Z8757211927             -4.10   0.655150        6.624706
761     Z1090433770             -4.08   0.769221        7.315429
762     Z1141173005             -4.07   0.515035        7.489092
763     Z1079356290             -4.03   0.652994        7.106311
764     Z1082433880             -4.00   0.288479        6.779913
765     Z106438120              -3.87   0.523941        7.373398
766     Z1070193910             -3.85   0.719368        7.310917
767     Z4449237858             -3.70   0.419050        6.204090
768     Z1102778729             -3.63   0.725813        7.406019
769     Z239608316              -3.53   0.205209        7.372025
770     Z103728788              -3.42   0.440317        7.388129
771     Z8756211874             -3.41   0.336075        7.292828
772     Z115686764              -3.34   0.542199        7.089380
773     Z1159200325             -3.31   0.587073        7.699915
774     Z1141176505             -3.27   0.309836        7.648541
775     Z1082412902             -3.15   0.529822        6.941620
776     Z1011620888             -3.07   0.067446        6.641441
777     Z1006531252             -3.07   0.518375        7.574094
778     Z109131412              -3.04   0.669218        7.133533
779     Z109791888              -3.03   0.861082        7.646380
780     Z1155273137             -2.86   0.627681        7.548538
781     Z8464880392             -2.78   0.384383        7.235621
782     Z109830444              -2.63   0.778907        6.507433
783     Z1070597738             -2.55   0.631997        6.975826
784     Z1095384392             -2.48   0.540086        7.140517
785     Z1170725520             -2.43   0.596637        7.334396
786     Z111780544              -2.32   0.695303        7.320722
787     Z8767453327             -2.13   0.255980        7.401935
788     Z1491241365             -2.09   0.511037        6.733646
789     Z1458458700             -2.00   0.390134        7.366982
790     Z3410592727             -1.81   0.676528        6.868762
791     Z1130421160             -1.81   0.235747        7.166626
792     Z1119710445             -1.50   0.882638        8.034746
793     Z1170278322             -1.47   0.400305        7.493772
794     Z2080127897             -1.17   0.966556        4.541658
795     Z1005761304             -1.11   0.435927        7.418636
796     Z1007505256             -0.52   0.167924        7.061235
797     Z1022453600             -0.20   0.546922        7.125967
798     Z1001603724             -0.05   0.224245        6.953624
799     Z1020950068             0.47    0.572268        7.742336
800     Z1456827013             3.41    0.513020        7.228917
